7.531638577115436e-19 1.14193052217372e-15 0.19498115616302217 2.9361851684268197e-17 7.871322378500483e-14 1.937478599810947e-21 6.56899127165307e-23 0.8050188438365579 3.402772441060332e-13 1.6425663683623961e-19 
6.204183797662449e-14 2.0010617029628493e-20 3.0044484192472174e-22 2.6456367981627988e-21 2.6720080060424256e-19 1.5935448418973233e-25 4.072173635305429e-09 6.709146670588717e-15 9.494468824963477e-20 0.9999999959277577 
1.0041730494461448e-14 7.371810359672891e-12 0.9999999999898008 2.817229785763882e-12 3.118255866199601e-18 1.0866903049333903e-20 8.294016185650739e-22 3.005021647990667e-21 6.060901756321883e-23 4.491307311495584e-19 
4.774806249258171e-24 9.932207897596977e-27 4.879147192698201e-21 1.1909707857019342e-20 1.2777052307058625e-20 8.391689476896641e-20 1.3069542469602524e-17 0.9999999999996659 8.018851528173462e-26 3.3405996855300755e-13 
0.9999999999999167 3.472682961100369e-18 2.6255087461410295e-15 3.1254150760268314e-18 1.1122443738249643e-24 1.4103495387968987e-19 1.380505458163333e-19 3.1418148220543513e-24 8.051258455683931e-14 2.245763918982581e-19 
4.6911261779468915e-20 0.9976608249374376 2.2010761236534016e-12 0.002339175047218229 1.234955082647493e-11 5.623733935813368e-13 1.713858760521155e-15 4.024694748853559e-30 2.29310988697236e-13 2.7380901005934235e-22 
2.146986106426838e-20 1.174835671658697e-11 9.443705854447621e-14 7.965850751650492e-11 9.696073604721404e-15 2.257452415936543e-15 0.0009748800314460587 0.9990251192911189 1.0654442266796189e-14 5.859107983416255e-10 
7.054210877737486e-29 4.312794785677735e-21 1.0 1.4476071167842378e-19 1.1324148264369335e-18 4.4123589436212106e-23 5.703177368412157e-22 2.8845781225962045e-29 9.68278173316748e-29 5.276801307590837e-25 
5.604882314622066e-18 3.017543248044293e-17 7.271820500439767e-23 6.209904217343364e-17 9.290603551332233e-16 1.001059436220546e-21 0.9999999999988073 1.061253360808368e-23 6.355233768030971e-13 5.559045599362627e-13 
2.843633442449258e-20 6.7100888074517606e-21 5.465890650947967e-19 5.7120288960313776e-27 2.5961922095785095e-20 2.3754136224788326e-21 3.8548374170518664e-17 0.9999999999999802 2.4870064867744864e-18 1.9930049397622904e-14 
1.610439166624888e-20 2.016209416242589e-18 3.781405856824562e-25 1.1468397858901856e-17 0.9999999986464135 8.789962004179985e-18 1.0604366248773e-14 6.783485508349329e-13 1.3528429861059955e-09 5.44714845719325e-14 
3.519437801058096e-13 0.9999999984907618 4.612243447470712e-22 2.936234790760663e-19 7.925915418645974e-19 3.410272608568597e-22 4.0641130585475795e-13 1.2502528083474276e-09 1.441356823017019e-14 2.5821289853931885e-10 
1.486199776313837e-19 1.2393665423478554e-17 9.085900424992433e-14 2.0746496665273128e-19 1.7771139276113843e-15 2.9277262958485916e-25 3.6406820279732744e-16 0.9999999999940052 5.901946768494907e-12 1.8489969249850988e-19 
3.109905162495169e-15 5.488444733895921e-13 6.157000849224153e-21 1.3957590334204777e-14 4.2089515894471566e-10 5.48983982418109e-10 9.33071036217283e-16 1.8862804652047832e-14 0.999999999029533 2.2781247133062935e-15 
6.41675395565155e-16 4.647780432473221e-16 2.0051268232973057e-19 4.818562016429194e-14 2.3964885481448083e-20 0.9999999999993656 1.4075846208884085e-18 1.3942072102520698e-21 8.120978463670306e-15 5.773869807533314e-13 
7.8177924400124945e-19 6.374196278584857e-14 1.953308973708051e-14 2.600221239804489e-16 1.9896279113723125e-19 4.9396137269671965e-17 1.689810100181458e-17 4.758315385821046e-18 0.9999999999999164 6.303422874700467e-19 
0.986311639989755 2.6059265439213047e-11 1.7066789111589795e-10 1.107516925965791e-15 1.2664421018863887e-07 4.986009673954709e-11 7.102416277769913e-05 0.013615076679087009 1.7539701087884468e-21 2.1322775817358414e-06 
0.9999545621705567 9.271686888204553e-12 5.109219614548967e-18 9.578369121257782e-22 2.190257995336686e-16 7.757125131474728e-17 4.543662395729286e-05 1.1697055660179962e-09 2.6095508639631074e-11 4.128798862709775e-13 
2.444303457297461e-13 2.1977541787256565e-16 2.9576428349497307e-13 0.9996120219507449 1.0876314273861546e-17 2.241708932630074e-11 0.0003840867008346715 1.0263453172180309e-12 1.4264631088336137e-08 3.877059805140512e-06 
5.769709754369834e-24 5.500754105944677e-13 5.38375236497435e-12 1.3724216493840757e-13 3.0421133457638584e-18 6.753398766789926e-23 1.777321535260551e-20 0.999999999993929 2.6010195387218323e-16 8.134894275294106e-23 
9.00016585316205e-21 4.800969890890282e-14 3.7970475596609266e-20 2.054668766930966e-14 1.5180440626972486e-12 4.773203453458692e-19 0.9999996455057005 2.4697146106139405e-11 1.545691588788018e-15 3.5446801422901576e-07 
0.9999386428861405 8.925796555396245e-15 6.135569498241688e-05 8.223105847843131e-16 6.717447498736629e-17 2.0064292069579273e-17 7.165668701601215e-21 1.0094413933514918e-09 4.0523188008074503e-10 4.193872809543251e-12 
2.1346813808184237e-16 0.9998984012435899 9.963133591343426e-05 1.9674199811222725e-06 1.0200364853642362e-13 5.203570002608286e-18 5.977995715968708e-15 4.07245547590387e-13 3.725583786235695e-19 2.4399668988869417e-16 
8.154491052226507e-15 6.19302722612606e-14 1.054454428062436e-17 2.953684873075429e-06 4.493140246336942e-14 0.9999763376507553 1.4663732777964356e-06 3.4295345333165417e-12 4.690181436935718e-13 1.924228708021951e-05 
0.9999991777499493 1.2404773499344734e-07 1.9203622115333895e-07 4.275549272963487e-07 7.854178464721205e-08 5.7716269014321955e-19 2.0652511181032142e-17 6.934029735700716e-11 1.448271693722629e-14 2.7631646182491048e-14 
1.1444630044323082e-12 2.175659233242242e-17 1.2041010297640529e-08 2.5014384682130573e-14 0.9927550833963794 1.1836415153758219e-14 1.1438590679170614e-10 2.106061889387571e-08 4.939302686185509e-16 0.007244883386423754 
1.0984553997875668e-23 1.9261791658719034e-19 3.004750261445797e-18 9.860648327083354e-22 1.510425464773178e-18 4.645759641627011e-18 0.999999999996585 3.4149362552480396e-12 5.838809646168534e-20 7.394958606728354e-25 
1.352368024876127e-16 5.535907274381182e-23 1.327392526116251e-26 1.6917290931630093e-10 1.2695027768141722e-16 1.7646522292398563e-23 6.353630070401737e-14 2.5176741197890627e-23 7.371471901103239e-21 0.9999999998307633 
0.9950765429214251 1.2276792803010458e-05 7.32284286657058e-18 9.857960526417252e-14 3.169917158947301e-16 4.2111241917781554e-10 4.557213219498204e-07 0.004352813263460635 4.1791186065267935e-11 0.000557910837986871 
5.028181274192703e-19 1.1359442271610988e-15 5.884998862209992e-20 6.510264539831849e-19 1.8018946836974952e-21 6.90981575555525e-14 5.783503301735043e-16 5.302891995391017e-26 0.9999999999999291 4.181735409318891e-27 
3.902155742339569e-11 4.283921113058061e-17 8.904794897043927e-14 1.9263239379916684e-11 6.879856050573042e-14 4.759817562720563e-13 0.9999999997888143 8.44861755636088e-11 2.110277315315248e-15 6.777898249724674e-11 
1.4061956574537695e-14 7.98709235055334e-13 9.493138871834812e-18 1.5521082242028998e-09 0.013002640097755246 2.245719878396739e-17 0.9841180941775187 2.277819036640126e-12 1.1855212062881303e-15 0.0028792641695261066 
3.65098673177647e-16 2.331607386562429e-14 0.9999999886079931 8.459030340403633e-14 5.530083584184162e-18 1.1266747122848622e-08 1.2424489511582087e-11 7.060343491205105e-19 1.1196051546921899e-10 7.664118430861825e-13 
3.874514394951257e-14 7.760484900889057e-10 9.246200306863161e-19 1.681846173112351e-16 2.7129321465062917e-19 6.098572210012484e-15 0.9999999992237271 2.8156641541733484e-23 1.792390745564404e-13 5.399236048036523e-16 
2.1588233448522497e-11 1.0899151825792825e-17 1.5218467432008074e-20 7.302254998003894e-14 0.9943722753049442 1.5341589893044164e-15 1.4596760889914798e-07 6.000817736537932e-15 0.005627405893626914 1.7281215137064607e-07 
2.4780677114219236e-16 1.3540245788236689e-13 8.406072459383008e-09 0.000134794712202944 1.4023963337982943e-13 1.5438056455962472e-18 0.9997594484461467 1.5284275579313332e-12 0.00010574841043122674 2.3342356426984457e-11 
1.6943185041517861e-16 0.9999999999771354 2.124922362958887e-18 2.286395717257057e-11 2.051536120813939e-19 2.0491773499373794e-21 4.134433488594577e-16 1.5492124459728964e-19 6.070708809981432e-20 5.197346599833198e-19 
1.6374986018639627e-14 1.3686732297603872e-14 0.00027711322181913527 0.00029508016264367915 4.0983872752294167e-22 1.7791720042104225e-15 2.861759034169469e-07 0.9994275204356317 3.711336629727373e-12 2.5908147145850127e-13 
1.0486271928570985e-26 0.9999999995014774 3.3271879007516023e-16 3.521807956497895e-17 1.5470125028654738e-17 6.183849978574277e-25 4.636614649335511e-21 4.985223983837714e-10 1.192711830961428e-33 3.3843453726131196e-30 
6.7340605489047025e-18 6.386234555149435e-20 2.065631034106375e-23 1.893686951510648e-13 1.1831939837806518e-09 2.7020512826304606e-15 8.379702207146994e-15 2.193402021920623e-25 0.9999999988166054 3.152672852701881e-32 
1.3066413087832715e-09 5.453380828456967e-18 2.0382273031006877e-15 3.5480360877489e-19 2.843224822949182e-12 3.7587765260975783e-13 0.9999996555844406 6.545859005534835e-11 5.4401841004665876e-14 3.430401837996961e-07 
0.6146259462026638 1.103997543682879e-16 4.6166023690121605e-11 4.9462097084486573e-14 0.38425963374994143 6.784934448608206e-15 4.567172278033352e-07 3.77250203780643e-17 0.0011139537584277525 9.525516921962818e-09 
4.0384257721452904e-16 6.0688833770028e-16 0.9999999999999755 2.352358790409933e-14 7.189315190129251e-21 7.731940476395029e-20 1.7829072447590083e-19 6.546383147980028e-19 1.0694503804354815e-18 8.361561839473237e-19 
4.539501193242134e-23 0.9999999984295574 5.191145349953138e-14 1.5703799288673701e-09 6.257511119163212e-15 4.9118128003220895e-15 1.7957431846328225e-32 2.893781740767981e-18 4.295526144357563e-19 3.0807484785048408e-24 
2.984522033161002e-13 0.9968094024087223 4.395702349604602e-19 1.7506423710746103e-14 1.072598203353333e-14 1.2137245382785815e-22 5.51877053403794e-11 0.0031905971308853944 5.160153666490403e-14 4.0482620316529684e-10 
1.4380280071051092e-16 2.964368064390697e-13 1.8649814413097802e-11 2.9901631498138763e-12 1.9883480569121495e-15 5.5622542334834104e-14 2.982269701513315e-05 0.9998417526332442 3.2414909283353573e-09 0.00012842140625556053 
9.811239354427406e-19 9.33166248157474e-14 3.866464648097198e-16 8.259638359396606e-17 0.9999999999442484 2.6440133344076956e-19 5.757023972650462e-23 5.508424337333994e-25 5.5657765178102514e-11 1.1861409531553448e-18 
1.87597998914584e-11 0.9999441064940616 4.311638058258929e-05 1.8499411360544016e-13 9.074117624338609e-10 2.1007877311255842e-13 1.2776171242350087e-05 1.2745956075225075e-14 2.753376211160819e-11 3.6295237733321205e-17 
3.668111634154814e-09 1.781137660932502e-19 4.880091030321011e-13 4.164519733397881e-14 0.9999999963303906 7.177119577082662e-15 2.0222111789842997e-15 5.91732059300802e-20 9.290317380555731e-20 9.589918978512061e-13 
0.9999999063446834 8.091565283311486e-08 1.2728359209940048e-08 1.1282780827545609e-11 1.3536331035462366e-16 1.7428519042980922e-14 2.417802220268573e-16 7.782131331167416e-23 8.463557857258749e-17 3.916922179443899e-15 
9.145896114262016e-18 4.5240961976151905e-20 4.788224869827124e-16 0.9999999999999937 7.865825879721936e-22 5.29837682697146e-15 8.083476711884749e-20 7.987069346987479e-28 1.5609992871487765e-17 5.565157070212197e-16 
2.4231834839918818e-17 0.999999999999993 9.565818854558274e-19 6.964190761342399e-15 1.8408875173632349e-22 6.306788731466777e-19 4.270148100934031e-18 4.344468096366632e-19 1.3637835053217959e-18 7.065462664528026e-23 
5.232360876658921e-11 2.565996285228471e-19 3.440554245239298e-14 5.358024618542446e-17 5.5436822727924805e-17 3.0642095261941905e-14 3.276871504130006e-11 3.202370042688595e-11 1.60139221994798e-12 0.9999999998812172 
7.716119290748669e-15 6.615105410836524e-18 6.29686056268347e-18 6.153107041058175e-12 0.00034038273939076256 5.5846952563476976e-11 0.9996596171986 1.4028408545213748e-15 9.695252566261522e-22 7.59511295809216e-17 
7.896654554577929e-14 9.031051392861131e-06 4.823234527129257e-12 2.355879666788961e-13 0.00016284701252963112 1.084603842333529e-15 1.3546944967550734e-11 3.19384434596192e-11 3.3547331254647775e-08 0.9998280883381216 
3.687450393176304e-17 4.901316090613548e-14 0.9999999990137307 9.862178810747967e-10 5.97428461131292e-16 7.582790113547533e-26 2.3662695581587143e-26 1.7093141981115899e-15 1.4682065303068315e-22 3.586132369166359e-27 
7.814617639433417e-12 4.232728293120084e-07 1.2238323650642464e-12 5.05549342031527e-16 0.9999995710902496 5.473488982759551e-09 3.407304348938121e-14 3.1215588894371896e-19 6.430046553522083e-11 9.005849232773911e-11 
3.957460473572519e-17 1.925060940194781e-21 4.250901320580622e-13 2.3997894515369433e-19 9.655404972245967e-20 0.9999999994472957 5.097814046302817e-22 5.52278390457574e-10 6.92295179638426e-16 2.2087089677306432e-16 
1.1415508044603268e-14 2.6188255730229956e-13 1.1765574784019459e-10 6.145861694256795e-14 0.9999942118363131 1.1779804922924261e-18 4.4347536911697615e-15 5.7872228870072455e-06 7.183339653275117e-18 8.228048798646268e-10 
1.238962937708453e-14 1.8869969248820865e-17 9.514713561590249e-11 9.437821915844134e-17 2.2024148255773303e-17 6.203623385627693e-09 2.5923619970824544e-12 8.553389769102892e-12 8.540985504150919e-14 0.9999999936899862 
2.8336925002234246e-22 1.126443036336901e-05 1.717341429087736e-13 0.9999887355670316 2.4314468550891442e-12 4.2749955498012507e-16 1.5042415758817476e-15 1.9635606259084823e-26 3.478192017671352e-19 3.0307987182220907e-20 
2.2707530275926512e-13 7.845853972168128e-14 0.9999999999941197 5.185771065078185e-14 9.919171056099178e-14 5.418084328120866e-12 3.3838757267714184e-15 1.1480381995272685e-20 7.79735456668738e-19 2.3480532899340305e-15 
2.739477459381853e-22 1.0267878134448353e-27 1.2280538455374985e-15 4.786257731548722e-22 4.529187443016362e-20 3.077803480220087e-17 8.411684587950575e-16 3.814893587175648e-16 5.252779117558533e-22 0.9999999999999979 
4.110408521742755e-19 9.45543726679777e-21 3.7768031315823086e-31 3.50120506978496e-17 0.999999999879484 2.847857372655792e-21 8.137406958778241e-16 1.1028108123160408e-19 1.2051501512836133e-10 1.5246690656384287e-16 
5.9248171636953964e-15 1.2917276551806076e-20 5.510414289315932e-18 7.07947862810124e-16 2.212391105713143e-15 7.690815296863497e-19 0.9999999441737777 5.5794857762934356e-08 2.494682171905867e-11 6.409068544971795e-12 
6.009561598776586e-19 1.3872732171394295e-13 4.798605739498612e-11 0.9999999999518139 8.783051879197856e-19 1.3940346112282963e-16 1.2585407331597836e-25 6.114565448788301e-14 4.044495431549179e-28 6.6484726625144946e-21 
8.650112137511204e-21 4.82931751130409e-20 0.9999777955253221 5.157553158739575e-15 1.0981004345284604e-13 1.714074666209195e-20 6.377888697134746e-13 3.1711755348249462e-18 2.2198268833106102e-05 6.205092021122145e-09 
1.0516672554811829e-20 4.62619283834479e-22 1.1520921304454417e-24 0.9999987561819118 3.167972650550483e-10 4.269806923281153e-16 1.4565051714463822e-16 1.2435012896863459e-06 9.90742564976937e-16 4.608007598337205e-17 
1.3523305287952828e-21 4.6352069864944363e-20 0.9999999996816273 7.615202039191644e-19 1.0242740974960017e-15 1.744291934665237e-17 5.611306253448893e-21 3.183714379890292e-10 1.451821257109158e-19 2.8155444918425736e-19 
0.9998769118950676 8.88138767429477e-15 2.652611606837127e-16 7.535383702907882e-13 6.700205742388323e-13 2.408834700302533e-09 8.219950346316325e-12 1.735732223691342e-18 0.000123085686332432 1.1283260840554726e-13 
0.9999942012707208 1.5370647718493224e-14 1.3960158616394156e-11 5.798714754901362e-06 7.277057264188733e-17 2.6069099172705126e-18 4.886933918686762e-22 5.281905028821479e-13 2.054290272100771e-14 1.184069009210014e-27 
8.189763684111506e-10 1.0870333774605441e-20 1.419451577970673e-17 1.1230078038320909e-13 9.905226417875199e-21 2.320229404647472e-10 1.288813344440596e-17 0.9999999989488856 2.1852061398650633e-22 2.6891024499970353e-15 
4.0910175196816366e-17 0.0003973713067221922 0.0003236941573972158 0.12072580852084415 0.8776713047821375 5.239974240815397e-21 2.7671854301961797e-14 0.0008818212328706281 1.023474965800418e-17 8.69972746661003e-16 
0.9999964417201409 3.558170069402308e-06 7.807918637541355e-16 1.8664097469560685e-15 5.279995157729101e-17 1.0744742039827653e-10 3.2784143180329465e-17 2.0661427901356478e-15 2.1253210646815393e-12 2.1213990157259024e-13 
1.9009983291194137e-16 7.914997952697805e-22 1.2492817343292677e-21 1.212997989931156e-19 1.967086264090247e-06 8.459361062403814e-19 4.912130664000828e-16 4.094386871992325e-26 0.99999803173446 1.179274821545332e-09 
1.0123777240680612e-17 0.9999999886631662 2.0393715553105761e-19 9.023291189287e-15 8.688509927846457e-16 1.857254778733884e-16 1.1109999900795226e-17 8.751655886668925e-29 1.1336823540715511e-08 1.942584708038744e-23 
2.4812181578312427e-13 7.699208257949494e-19 2.180472205660762e-20 2.6615502579767746e-11 1.7780630297437707e-15 5.630529967149442e-19 0.9999999999721362 4.5143155107910796e-13 5.397844955094138e-13 6.9917597569239385e-15 
3.015238907797678e-15 1.3300370330096653e-09 0.99999999866996 1.0512581052157787e-21 1.0812179369348623e-31 4.4624709356719474e-17 9.299070331025173e-24 1.2055026804080603e-37 1.940777444478456e-24 1.3265331859629008e-23 
1.1704031643847416e-15 8.214753462660097e-13 8.385102278320866e-15 0.9902722544498223 2.4021266947747836e-13 0.009105900982563012 0.0001614725081112 9.66347953160979e-14 2.5138392581264723e-10 0.00046037180695148925 
1.53622320013409e-12 1.9967659864955546e-12 5.438620382149228e-08 6.881162352035297e-16 0.020044127696783005 0.9799558116627057 6.250708039564678e-09 4.633996617706223e-14 1.9499021531201628e-14 4.8768303455516385e-20 
4.127159617663509e-15 5.421941328325562e-11 7.101682395191541e-18 8.03329793803972e-11 7.138889547343242e-11 6.377852371792387e-22 2.488050291371638e-07 8.490278900272135e-28 0.9999997509890255 4.990798362910001e-23 
3.0608180692304496e-20 6.532817141017059e-07 3.498116979244944e-18 0.9999993455077172 9.9725406396441e-10 1.1286164353066138e-19 2.146324866481521e-15 2.2845445463756467e-22 6.240489107833773e-14 2.1324989082045446e-10 
1.8905679673556308e-19 5.696393341169769e-19 1.1821435418892065e-24 2.8568818890498357e-23 8.61648706739817e-16 7.327260871312532e-18 1.0910528060007346e-13 0.9999999999956669 4.262744270989076e-15 4.218834128332822e-12 
3.473291706974719e-19 5.822109953552208e-17 1.5278551094575457e-18 6.518646707836791e-17 2.1734488081385203e-18 9.656230744102508e-20 3.615983855113977e-16 0.9999999999982934 1.7062710541929074e-12 1.6059747066741909e-19 
1.2404432069373345e-14 1.7282888067306582e-11 0.9999999996952456 2.650018573930127e-10 1.5673938339291059e-15 3.467279899516212e-19 2.245501392019759e-11 1.172292996067994e-18 9.167404149802115e-16 1.2780600510517018e-16 
4.442059492363526e-18 3.038066546460814e-20 9.352857362274742e-24 2.3866492930356998e-20 0.9999999999119352 8.806479798735625e-11 3.4856308405934886e-20 7.605315739282028e-20 4.543142014523594e-24 1.253180897355985e-16 
2.311744543089077e-09 3.0155963521255547e-14 1.5028890271249418e-23 6.476759562919195e-24 9.499337519651548e-20 2.1807936334402372e-15 0.9999999976842839 2.2876359160477394e-17 6.344578739051804e-17 3.939010462454444e-12 
1.4561554758841265e-17 3.775524785010586e-18 3.470974065835309e-14 7.288940434875234e-21 4.350542884465773e-22 0.9999996226617123 3.902148452352465e-18 5.142514011166201e-22 2.6766166829805698e-17 3.7733825301022467e-07 
4.302396056469171e-16 4.984751996491156e-10 1.5207441533662273e-12 9.276534801908852e-14 0.9999999989524783 2.378975870548023e-19 5.471819595347519e-10 1.9519101508535066e-17 5.067095577487471e-16 2.498703281198554e-13 
3.2283414689183323e-19 4.648649158077025e-19 3.456797568137118e-19 1.1474883627456301e-18 1.2276265760011857e-24 3.82224327815527e-22 8.615456745947587e-18 6.071708904340772e-16 1.938884047864678e-17 0.9999999999999994 
2.3254669876544607e-12 6.408765307661674e-15 2.3343069648875108e-17 2.706397824275062e-17 1.0583403917623004e-19 8.763322568738869e-20 2.067953797185284e-14 5.4344264964451795e-12 0.999999529650771 4.703414420134131e-07 
0.9999999985676115 1.1405040964941473e-13 9.852159332471578e-24 6.032261461415938e-21 2.3577106240093237e-15 3.380025817996967e-17 6.752722062579238e-16 6.679298556063996e-10 2.1840712282426602e-10 5.459340852088534e-10 
9.378532217813923e-16 2.301778685010449e-15 1.4479028544849828e-17 6.353420550167821e-11 6.306485994731218e-19 0.999999907722736 2.0787360132913207e-16 1.1151702993679154e-12 9.221259842589685e-08 1.3104143171417158e-14 
4.198575162399632e-06 2.0595828375513394e-16 8.102279913957161e-14 6.333862876086085e-18 6.589499970345255e-19 0.999995800862693 1.2871903240110078e-16 2.6223484706548413e-15 5.620606735060047e-10 5.557449252450107e-20 
0.9999999999994513 9.786430738045488e-19 2.636989040817073e-19 8.363153994213562e-25 1.9426621808226365e-21 5.47180946562802e-13 1.6617445692564917e-15 1.761668533566017e-23 4.935397330991072e-20 3.408671306025135e-27 
2.8063161076265235e-11 1.135749303709927e-16 4.074887722151574e-17 1.2647487205901126e-14 8.830253359762434e-13 0.9999999919704174 1.8985346024129027e-09 3.833902923101661e-12 6.098254939103277e-09 3.6548337300236976e-17 
8.701703751997507e-14 3.959632949024759e-08 7.352570023802857e-05 0.9999264347024993 1.7215363832702906e-16 1.6868196485319369e-15 6.707723600246366e-19 8.388870899238628e-13 5.455257603736377e-15 2.168962206360233e-18 
1.9009908124303454e-14 4.53348024786386e-09 4.4614998283885075e-21 0.9999999951378256 5.15852221806994e-22 3.2867482222369375e-10 5.843360154693694e-18 9.482600419817239e-21 2.1886167683624685e-16 1.4317470603599553e-16 
4.151132750677589e-12 7.387960329897662e-14 1.233651953351659e-15 0.9999999998099492 1.832886084747481e-10 1.5835768236617485e-19 9.93779699265557e-18 2.629704520905256e-14 1.6570428669899002e-12 8.526815461713444e-13 
2.0410496001020465e-18 2.347656914706863e-18 1.6929166314236282e-17 5.849595186536599e-16 1.142896036595415e-16 9.396669416086703e-13 0.05443600738791436 1.3539330721392694e-10 1.2810197592953228e-12 0.9455639924744709 
